source;target;next_n;prev_n;next_e;distance
14;24;16;25;13;0.0149815
14;0;16;12;13;0.0127487
14;12;16;13;13;0.0126594
14;13;16;3;13;0.0120033
14;3;16;2;13;0.0118125
14;8;16;7;13;0.0136226
14;25;16;7;13;0.0148067
14;2;16;6;13;0.0107695
14;7;16;5;13;0.00898253
14;6;16;5;13;0.00868702
14;1;16;5;13;0.00845451
14;5;16;11;13;0.00821081
14;15;15;14;12;0.000774217
14;16;16;14;13;0.00121985
14;17;17;14;14;0.000433175
14;18;16;16;13;0.00221571
14;19;16;16;13;0.00157223
14;21;16;18;13;0.00262577
14;20;16;21;13;0.00282018
14;9;16;21;13;0.00403478
14;22;16;20;13;0.00447415
14;10;16;9;13;0.00440286
14;23;16;11;13;0.00753725
14;11;16;9;13;0.00718001
6;17;2;14;42;0.0153977
6;15;2;14;42;0.0157387
6;11;2;9;42;0.0171073
6;10;2;9;42;0.0143301
6;19;2;16;42;0.0140971
6;14;2;16;42;0.0149645
6;24;2;25;42;0.0135831
6;16;2;18;42;0.0137447
6;9;2;21;42;0.0139621
6;18;2;21;42;0.0129631
6;22;2;20;42;0.0140126
6;21;2;20;42;0.0125531
6;2;2;6;42;0.00208249
6;3;2;2;42;0.00312549
6;13;2;3;42;0.00331625
6;0;2;12;42;0.00406171
6;12;2;13;42;0.00397235
6;25;2;7;42;0.0134083
6;1;2;0;42;0.00656876
6;5;2;1;42;0.00681246
6;23;2;1;42;0.00781603
6;7;2;5;42;0.00758418
6;20;2;23;42;0.0123586
6;8;2;7;42;0.0122242
16;24;18;25;16;0.0137616
16;0;18;12;16;0.0115289
16;12;18;13;16;0.0114395
16;13;18;3;16;0.0107834
16;3;18;2;16;0.0105927
16;8;18;7;16;0.0124027
16;25;18;7;16;0.0135868
16;2;18;6;16;0.00954966
16;7;18;5;16;0.00776269
16;6;18;5;16;0.00746717
16;1;18;5;16;0.00723466
16;5;18;11;16;0.00699096
16;14;14;16;15;0.00121985
16;18;18;16;16;0.000995866
16;19;19;16;17;0.000352385
16;21;18;18;16;0.00140592
16;15;14;14;15;0.00199406
16;17;14;14;15;0.00165302
16;20;18;21;16;0.00160034
16;9;18;21;16;0.00281493
16;22;18;20;16;0.0032543
16;10;18;9;16;0.00318301
16;23;18;11;16;0.0063174
16;11;18;9;16;0.00596017
20;24;21;25;18;0.0125501
20;0;21;12;18;0.0103174
20;12;21;13;18;0.010228
20;13;21;3;18;0.00957191
20;3;21;2;18;0.00938115
20;8;21;7;18;0.0111912
20;25;21;7;18;0.0123753
20;2;21;6;18;0.00833815
20;7;21;5;18;0.00655117
20;6;21;5;18;0.00625566
20;1;21;5;18;0.00602315
20;5;21;11;18;0.00577945
20;21;21;20;18;0.000194412
20;22;22;20;19;0.00165397
20;9;21;21;18;0.00160342
20;18;21;21;18;0.00060447
20;16;21;18;18;0.00138603
20;14;21;16;18;0.00260587
20;19;21;16;18;0.00173841
20;10;21;9;18;0.0019715
20;23;21;11;18;0.00510589
20;11;21;9;18;0.00474866
20;15;21;14;18;0.00338009
20;17;21;14;18;0.00303905
3;17;13;14;11;0.0122722
3;15;13;14;11;0.0126132
3;11;13;9;11;0.0139818
3;10;13;9;11;0.0112047
3;19;13;16;11;0.0109716
3;14;13;16;11;0.011839
3;24;13;25;11;0.0104576
3;16;13;18;11;0.0106192
3;9;13;21;11;0.0108366
3;18;13;21;11;0.00983762
3;22;13;20;11;0.0108871
3;21;13;20;11;0.00942757
3;13;13;3;11;0.000190761
3;0;13;12;11;0.00093622
3;12;13;13;11;0.00084686
3;25;13;7;11;0.0102828
3;1;13;0;11;0.00344327
3;2;13;0;11;0.00140878
3;5;13;1;11;0.00368697
3;6;13;1;11;0.00374153
3;23;13;1;11;0.00469054
3;7;13;5;11;0.00445869
3;20;13;23;11;0.00923315
3;8;13;7;11;0.00909873
18;24;21;25;23;0.0127658
18;0;21;12;23;0.010533
18;12;21;13;23;0.0104437
18;13;21;3;23;0.00978756
18;3;21;2;23;0.0095968
18;8;21;7;23;0.0114069
18;25;21;7;23;0.0125909
18;2;21;6;23;0.00855379
18;7;21;5;23;0.00676682
18;6;21;5;23;0.0064713
18;1;21;5;23;0.00623879
18;5;21;11;23;0.0059951
18;21;21;18;23;0.000410058
18;16;16;18;24;0.000781556
18;20;21;21;23;0.00060447
18;9;21;21;23;0.00181907
18;22;21;20;23;0.00225844
18;14;16;16;24;0.0020014
18;19;16;16;24;0.00113394
18;10;21;9;23;0.00218714
18;23;21;11;23;0.00532153
18;11;21;9;23;0.0049643
18;15;16;14;24;0.00277562
18;17;16;14;24;0.00243458
8;17;7;14;7;0.0144844
8;15;7;14;7;0.0148254
8;11;7;9;7;0.016194
8;10;7;9;7;0.0134168
8;19;7;16;7;0.0131837
8;14;7;16;7;0.0140512
8;16;7;18;7;0.0128314
8;9;7;21;7;0.0130488
8;18;7;21;7;0.0120498
8;22;7;20;7;0.0130993
8;21;7;20;7;0.0116397
8;24;7;25;7;0.010639
8;7;7;8;7;0.00464004
8;20;7;23;7;0.0114453
8;25;7;7;7;0.0104642
8;12;7;13;7;0.00986032
8;5;7;7;7;0.00541176
8;1;7;5;7;0.00565545
8;6;7;5;7;0.00588797
8;23;7;1;7;0.00690272
8;2;7;6;7;0.00797045
8;3;7;2;7;0.00901346
8;13;7;3;7;0.00920422
8;0;7;12;7;0.00994968
23;24;20;25;32;0.0170927
23;0;20;12;32;0.01486
23;12;20;13;32;0.0147706
23;13;20;3;32;0.0141145
23;3;20;2;32;0.0139238
23;8;20;7;32;0.0157338
23;25;20;7;32;0.0169179
23;2;20;6;32;0.0128808
23;7;20;5;32;0.0110938
23;6;20;5;32;0.0107983
23;1;20;5;32;0.0105658
23;5;20;11;32;0.0103221
23;10;20;9;32;0.00651411
23;20;20;23;32;0.00454261
23;21;20;20;32;0.00473702
23;22;20;20;32;0.00619658
23;9;20;21;32;0.00614603
23;18;20;21;32;0.00514708
23;16;20;18;32;0.00592864
23;14;20;16;32;0.00714849
23;19;20;16;32;0.00628102
23;11;20;9;32;0.00929127
23;15;20;14;32;0.0079227
23;17;20;14;32;0.00758166
24;17;25;14;34;0.0158433
24;15;25;14;34;0.0161843
24;11;25;9;34;0.0175529
24;10;25;9;34;0.0147757
24;19;25;16;34;0.0145426
24;14;25;16;34;0.0154101
24;16;25;18;34;0.0141903
24;9;25;21;34;0.0144076
24;18;25;21;34;0.0134087
24;22;25;20;34;0.0144582
24;21;25;20;34;0.0129986
24;0;25;12;34;0.0113086
24;25;25;24;34;0.000174802
24;12;25;13;34;0.0112192
24;7;25;25;34;0.00599893
24;20;25;23;34;0.0128042
24;5;25;7;34;0.00677065
24;8;25;7;34;0.010639
24;1;25;5;34;0.00701435
24;6;25;5;34;0.00724686
24;23;25;1;34;0.00826162
24;2;25;6;34;0.00932935
24;3;25;2;34;0.0103724
24;13;25;3;34;0.0105631
12;17;0;14;10;0.0114253
12;15;0;14;10;0.0117664
12;11;0;9;10;0.0131349
12;10;0;9;10;0.0103578
12;19;0;16;10;0.0101247
12;14;0;16;10;0.0109922
12;24;0;25;10;0.00961076
12;16;0;18;10;0.00977232
12;9;0;21;10;0.00998971
12;18;0;21;10;0.00899076
12;22;0;20;10;0.0100403
12;21;0;20;10;0.0085807
12;25;0;7;10;0.00943596
12;0;0;12;10;8.93593e-05
12;13;0;3;10;0.00179569
12;1;0;0;10;0.00259641
12;2;0;0;10;0.000561924
12;3;0;2;10;0.00160493
12;5;0;1;10;0.00284011
12;6;0;1;10;0.00289467
12;23;0;1;10;0.00384368
12;7;0;5;10;0.00361183
12;20;0;23;10;0.00838629
12;8;0;7;10;0.00825187
10;24;9;25;33;0.0113148
10;17;9;14;33;0.0114522
10;15;9;14;33;0.0117932
10;19;9;16;33;0.0101516
10;14;9;16;33;0.011019
10;16;9;18;33;0.00979918
10;0;9;12;33;0.00908203
10;18;9;21;33;0.00901763
10;22;9;20;33;0.0100671
10;21;9;20;33;0.00860757
10;12;9;13;33;0.00899267
10;13;9;3;33;0.00833657
10;23;9;11;33;0.00387055
10;9;9;10;33;0.000368077
10;11;9;9;33;0.00351331
10;5;9;11;33;0.00454411
10;20;9;23;33;0.00841316
10;7;9;5;33;0.00531583
10;1;9;5;33;0.0047878
10;6;9;5;33;0.00502032
10;2;9;6;33;0.0071028
10;25;9;7;33;0.01114
10;8;9;7;33;0.00995587
10;3;9;2;33;0.00814581
0;17;1;14;0;0.011336
0;15;1;14;0;0.011677
0;11;1;9;0;0.0130456
0;10;1;9;0;0.0102684
0;19;1;16;0;0.0100353
0;14;1;16;0;0.0109028
0;24;1;25;0;0.0095214
0;16;1;18;0;0.00968296
0;9;1;21;0;0.00990035
0;18;1;21;0;0.0089014
0;22;1;20;0;0.0099509
0;21;1;20;0;0.00849135
0;13;2;3;1;0.00170633
0;1;1;0;0;0.00250705
0;2;2;0;1;0.000472565
0;3;2;2;1;0.00151557
0;12;2;13;1;0.00236243
0;25;1;7;0;0.0093466
0;5;1;1;0;0.00275075
0;6;1;1;0;0.00280531
0;23;1;1;0;0.00375432
0;7;1;5;0;0.00352247
0;20;1;23;0;0.00829693
0;8;1;7;0;0.00816251
15;24;14;25;43;0.0157557
15;0;14;12;43;0.0135229
15;12;14;13;43;0.0134336
15;13;14;3;43;0.0127775
15;3;14;2;43;0.0125867
15;8;14;7;43;0.0143968
15;25;14;7;43;0.0155809
15;2;14;6;43;0.0115437
15;7;14;5;43;0.00975675
15;6;14;5;43;0.00946124
15;1;14;5;43;0.00922872
15;5;14;11;43;0.00898503
15;14;14;15;43;0.000774217
15;16;14;14;43;0.00199406
15;17;14;14;43;0.00120739
15;18;14;16;43;0.00298993
15;19;14;16;43;0.00234645
15;21;14;18;43;0.00339999
15;20;14;21;43;0.0035944
15;9;14;21;43;0.004809
15;22;14;20;43;0.00524837
15;10;14;9;43;0.00517707
15;23;14;11;43;0.00831146
15;11;14;9;43;0.00795423
17;24;14;25;46;0.0154146
17;0;14;12;46;0.0131819
17;12;14;13;46;0.0130925
17;13;14;3;46;0.0124364
17;3;14;2;46;0.0122457
17;8;14;7;46;0.0140557
17;25;14;7;46;0.0152398
17;2;14;6;46;0.0112027
17;7;14;5;46;0.00941571
17;6;14;5;46;0.00912019
17;1;14;5;46;0.00888768
17;5;14;11;46;0.00864399
17;14;14;17;46;0.000433175
17;15;14;14;46;0.00120739
17;16;14;14;46;0.00165302
17;18;14;16;46;0.00264889
17;19;14;16;46;0.00200541
17;21;14;18;46;0.00305895
17;20;14;21;46;0.00325336
17;9;14;21;46;0.00446795
17;22;14;20;46;0.00490733
17;10;14;9;46;0.00483603
17;23;14;11;46;0.00797042
17;11;14;9;46;0.00761319
19;24;16;25;25;0.014114
19;0;16;12;25;0.0118813
19;12;16;13;25;0.0117919
19;13;16;3;25;0.0111358
19;3;16;2;25;0.010945
19;8;16;7;25;0.0127551
19;25;16;7;25;0.0139392
19;2;16;6;25;0.00990204
19;7;16;5;25;0.00811507
19;6;16;5;25;0.00781956
19;1;16;5;25;0.00758704
19;5;16;11;25;0.00734335
19;16;16;19;25;0.000352385
19;14;16;16;25;0.00157223
19;18;16;16;25;0.00134825
19;21;16;18;25;0.00175831
19;15;16;14;25;0.00234645
19;17;16;14;25;0.00200541
19;20;16;21;25;0.00195272
19;9;16;21;25;0.00316732
19;22;16;20;25;0.00360669
19;10;16;9;25;0.00353539
19;23;16;11;25;0.00666979
19;11;16;9;25;0.00631255
7;17;5;14;37;0.00984435
7;15;5;14;37;0.0101854
7;11;5;9;37;0.011554
7;10;5;9;37;0.00877679
7;19;5;16;37;0.00854371
7;14;5;16;37;0.00941117
7;16;5;18;37;0.00819132
7;9;5;21;37;0.00840872
7;18;5;21;37;0.00740977
7;22;5;20;37;0.00845927
7;21;5;20;37;0.00699971
7;24;25;25;36;0.00599893
7;20;5;23;37;0.0068053
7;25;25;7;36;0.00582413
7;12;5;13;37;0.00522028
7;5;5;7;37;0.000771721
7;8;8;7;38;0.00464004
7;1;5;5;37;0.00101542
7;6;5;5;37;0.00124793
7;23;5;1;37;0.00226269
7;2;5;6;37;0.00333041
7;3;5;2;37;0.00437342
7;13;5;3;37;0.00456418
7;0;5;12;37;0.00530964
21;24;9;25;22;0.0123557
21;0;9;12;22;0.010123
21;12;9;13;22;0.0100336
21;13;9;3;22;0.0093775
21;3;9;2;22;0.00918674
21;8;9;7;22;0.0109968
21;25;9;7;22;0.0121809
21;2;9;6;22;0.00814373
21;7;9;5;22;0.00635676
21;6;9;5;22;0.00606125
21;1;9;5;22;0.00582873
21;5;9;11;22;0.00558504
21;20;20;21;20;0.000194412
21;18;18;21;21;0.000410058
21;9;9;21;22;0.00140901
21;22;20;20;20;0.00184838
21;16;18;18;21;0.00119161
21;14;18;16;21;0.00241146
21;19;18;16;21;0.001544
21;10;9;9;22;0.00177709
21;23;9;11;22;0.00491148
21;11;9;9;22;0.00455424
21;15;18;14;21;0.00318568
21;17;18;14;21;0.00284464
4;17;3;14;3;0.0141871
4;15;3;14;3;0.0145281
4;11;3;9;3;0.0158967
4;10;3;9;3;0.0131195
4;19;3;16;3;0.0128864
4;14;3;16;3;0.0137539
4;24;3;25;3;0.0123725
4;16;3;18;3;0.012534
4;9;3;21;3;0.0127514
4;18;3;21;3;0.0117525
4;22;3;20;3;0.012802
4;21;3;20;3;0.0113424
4;20;3;23;3;0.011148
4;3;3;4;3;0.00191485
4;13;3;3;3;0.00210561
4;0;3;12;3;0.00285107
4;12;3;13;3;0.00276171
4;25;3;7;3;0.0121977
4;1;3;0;3;0.00535812
4;2;3;0;3;0.00332364
4;5;3;1;3;0.00560182
4;6;3;1;3;0.00565638
4;23;3;1;3;0.00660539
4;7;3;5;3;0.00637354
4;8;3;7;3;0.0110136
9;24;11;25;9;0.0109467
9;17;11;14;9;0.0110841
9;15;11;14;9;0.0114252
9;19;11;16;9;0.00978349
9;14;11;16;9;0.010651
9;16;11;18;9;0.00943111
9;0;11;12;9;0.00871395
9;18;11;21;9;0.00864955
9;22;11;20;9;0.00969905
9;21;11;20;9;0.00823949
9;12;11;13;9;0.00862459
9;13;11;3;9;0.00796849
9;10;10;9;8;0.000368077
9;23;11;11;9;0.00350247
9;11;11;9;9;0.00314524
9;5;11;11;9;0.00417603
9;20;11;23;9;0.00804508
9;7;11;5;9;0.00494775
9;1;11;5;9;0.00441973
9;6;11;5;9;0.00465224
9;2;11;6;9;0.00673473
9;25;11;7;9;0.0107719
9;8;11;7;9;0.00958779
9;3;11;2;9;0.00777773
25;17;7;14;41;0.0156685
25;15;7;14;41;0.0160095
25;11;7;9;41;0.0173781
25;10;7;9;41;0.0146009
25;19;7;16;41;0.0143678
25;14;7;16;41;0.0152353
25;16;7;18;41;0.0140155
25;9;7;21;41;0.0142328
25;18;7;21;41;0.0132339
25;22;7;20;41;0.0142834
25;21;7;20;41;0.0128238
25;0;7;12;41;0.0111338
25;12;7;13;41;0.0110444
25;24;24;25;39;0.000174802
25;7;7;25;41;0.00582413
25;20;7;23;41;0.0126294
25;5;7;7;41;0.00659585
25;8;7;7;41;0.0104642
25;1;7;5;41;0.00683955
25;6;7;5;41;0.00707206
25;23;7;1;41;0.00808682
25;2;7;6;41;0.00915454
25;3;7;2;41;0.0101975
25;13;7;3;41;0.0103883
13;17;12;14;29;0.0120814
13;15;12;14;29;0.0124225
13;11;12;9;29;0.013791
13;10;12;9;29;0.0110139
13;19;12;16;29;0.0107808
13;14;12;16;29;0.0116483
13;24;12;25;29;0.0102669
13;16;12;18;29;0.0104284
13;9;12;21;29;0.0106458
13;18;12;21;29;0.00964686
13;22;12;20;29;0.0106964
13;21;12;20;29;0.0092368
13;0;12;12;29;0.000745459
13;12;12;13;29;0.000656099
13;25;12;7;29;0.0100921
13;1;12;0;29;0.00325251
13;2;12;0;29;0.00121802
13;3;12;2;29;0.00226103
13;5;12;1;29;0.00349621
13;6;12;1;29;0.00355076
13;23;12;1;29;0.00449978
13;7;12;5;29;0.00426793
13;20;12;23;29;0.00904239
13;8;12;7;29;0.00890797
1;17;23;14;28;0.00882893
1;15;23;14;28;0.00916997
1;11;23;9;28;0.0105385
1;10;23;9;28;0.00776138
1;19;23;16;28;0.00752829
1;14;23;16;28;0.00839575
1;24;5;25;26;0.00701435
1;16;23;18;28;0.00717591
1;9;23;21;28;0.0073933
1;18;23;21;28;0.00639435
1;22;23;20;28;0.00744385
1;21;23;20;28;0.00598429
1;5;5;1;26;0.000243695
1;6;6;1;27;0.000298253
1;23;23;1;28;0.00124727
1;7;5;5;26;0.00101542
1;20;23;23;28;0.00578988
1;2;6;6;27;0.00238074
1;25;5;7;26;0.00683955
1;12;6;13;27;0.00427061
1;8;5;7;26;0.00565545
1;3;6;2;27;0.00342374
1;13;6;3;27;0.00361451
1;0;6;12;27;0.00435996
11;24;5;25;31;0.00780145
11;17;23;14;30;0.00793889
11;15;23;14;30;0.00827993
11;10;23;9;30;0.00687134
11;19;23;16;30;0.00663826
11;14;23;16;30;0.00750572
11;16;23;18;30;0.00628587
11;0;5;12;31;0.00556871
11;9;23;21;30;0.00650326
11;18;23;21;30;0.00550431
11;22;23;20;30;0.00655381
11;21;23;20;30;0.00509426
11;23;23;11;30;0.000357232
11;5;5;11;31;0.0010308
11;20;23;23;30;0.00489984
11;7;5;5;31;0.00180252
11;1;5;5;31;0.00127449
11;6;5;5;31;0.001507
11;2;5;6;31;0.00358949
11;25;5;7;31;0.00762665
11;12;5;13;31;0.00547935
11;8;5;7;31;0.00644256
11;3;5;2;31;0.00463249
11;13;5;3;31;0.00482326
5;17;1;14;4;0.00907262
5;15;1;14;4;0.00941367
5;11;1;9;4;0.0107822
5;10;1;9;4;0.00800507
5;19;1;16;4;0.00777199
5;14;1;16;4;0.00863945
5;16;1;18;4;0.0074196
5;24;7;25;6;0.00677065
5;9;1;21;4;0.007637
5;18;1;21;4;0.00663805
5;22;1;20;4;0.00768754
5;21;1;20;4;0.00622799
5;1;1;5;4;0.000243695
5;6;6;5;5;0.000476207
5;7;7;5;6;0.000771721
5;20;1;23;4;0.00603358
5;23;1;1;4;0.00149096
5;2;6;6;5;0.00255869
5;25;7;7;6;0.00659585
5;12;6;13;5;0.00444856
5;8;7;7;6;0.00541176
5;3;6;2;5;0.0036017
5;13;6;3;5;0.00379246
5;0;6;12;5;0.00453792
2;17;3;14;2;0.0133152
2;15;3;14;2;0.0136562
2;11;3;9;2;0.0150248
2;10;3;9;2;0.0122477
2;19;3;16;2;0.0120146
2;14;3;16;2;0.012882
2;24;3;25;2;0.0115006
2;16;3;18;2;0.0116622
2;9;3;21;2;0.0118796
2;18;3;21;2;0.0108806
2;22;3;20;2;0.0119301
2;21;3;20;2;0.0104706
2;3;3;2;2;0.001043
2;13;3;3;2;0.00123377
2;0;3;12;2;0.00197922
2;12;3;13;2;0.00188987
2;25;3;7;2;0.0113258
2;1;3;0;2;0.00448628
2;5;3;1;2;0.00472997
2;6;3;1;2;0.00478453
2;23;3;1;2;0.00573355
2;7;3;5;2;0.00550169
2;20;3;23;2;0.0102762
2;8;3;7;2;0.0101417
